17.0625
35.666666666666664
36.69565217391305
39.90909090909091
50.69230769230769
50.80952380952381
64.5
70.0
71.8
74.2
79.6923076923077
84.05882352941177
96.22727272727273
103.92857142857143
133.92307692307693
136.05263157894737
153.66666666666666
160.86363636363637
161.45
187.44444444444446
195.42857142857142
197.0952380952381
197.73333333333332
205.65217391304347
210.46153846153845
211.69565217391303
217.125
240.83333333333334
241.84615384615384
259.35714285714283
262.6470588235294
262.9
265.14285714285717
269.7368421052632
291.94117647058823
306.69565217391306
310.0
312.3333333333333
328.3125
337.2
340.47058823529414
341.8333333333333
342.94736842105266
343.0
345.0
347.7894736842105
364.4
370.5
371.85714285714283
376.4166666666667
376.75
385.55
406.3636363636364
410.60869565217394
411.3888888888889
415.75
416.53846153846155
421.3076923076923
440.65
443.0
445.75
477.6470588235294
483.52941176470586
496.9
500.5652173913044
501.3478260869565
502.1111111111111
515.0666666666667
516.0666666666667
526.8333333333334
528.047619047619
546.3636363636364
558.8461538461538
579.2666666666667
595.8333333333334
605.695652173913
611.0
623.2608695652174
625.2727272727273
626.3809523809524
633.5714285714286
633.8461538461538
651.4545454545455
652.952380952381
675.4666666666667
680.0
683.8
691.2857142857143
697.65
705.375
706.8823529411765
718.0526315789474
724.1578947368421
726.5714285714286
728.4285714285714
729.0
731.6
741.5333333333333
752.625
753.3333333333334
754.3571428571429
755.2
756.0
763.4347826086956
764.3529411764706
771.6666666666666
779.9230769230769
791.75
817.8695652173913
824.3333333333334
825.0588235294117
836.5714285714286
837.1818181818181
838.0526315789474
858.4
860.2105263157895
870.7777777777778
871.8
875.0
876.0
888.2
889.8
891.421052631579
930.0
942.7142857142857
954.1875
961.6666666666666
971.3888888888889
986.952380952381
988.1428571428571
995.9047619047619
1006.4285714285714
1006.5652173913044
1015.8
1025.142857142857
1030.8333333333333
1044.1333333333334
1044.5
1055.388888888889
1068.1538461538462
1070.6153846153845
1082.1904761904761
1084.590909090909
1105.608695652174
1133.4285714285713
1138.7777777777778
1141.857142857143
1151.3333333333333
1175.421052631579
1199.142857142857
1207.409090909091
1228.642857142857
1230.2105263157894
1234.7777777777778
1247.45
1248.6
1264.095238095238
1265.625
1279.2173913043478
1279.4375
1282.1176470588234
1283.0
1286.1052631578948
1290.8666666666666
1291.6666666666667
1294.2857142857142
1302.7333333333333
1303.7
1307.2857142857142
1313.55
1317.0833333333333
1323.875
1329.3181818181818
1330.578947368421
1348.1538461538462
1352.5555555555557
1370.0454545454545
1421.0833333333333
1457.857142857143
1459.6
1459.9545454545455
1460.1
1460.8666666666666
1478.2608695652175
1483.6666666666667
1484.1666666666667
1493.5714285714287
1497.0
1499.6470588235295
1526.0
1539.875
1545.3478260869565
1559.5652173913043
1577.2142857142858
1602.9444444444443
1618.3478260869565
1633.8
1638.5454545454545
1663.6190476190477
1673.111111111111
1673.85
1677.1
1687.1176470588234
1696.625
1706.4285714285713
1739.1904761904761
1742.25
1750.5
1768.6363636363637
1781.0
1792.55
1797.1304347826087
1800.4375
1802.4
1803.1363636363637
1803.7777777777778
1809.3636363636363
1816.3636363636363
1826.25
1828.0
1828.904761904762
1833.909090909091
1834.5714285714287
1836.2666666666667
1843.578947368421
1855.6842105263158
1905.65
1919.0
1957.9473684210527
1958.2857142857142
1959.5294117647059
1974.3478260869565
1979.7777777777778
1995.875
1999.3636363636363
2012.5882352941176
2027.608695652174
2031.5652173913043
2031.9130434782608
2033.2
2035.375
2036.3809523809523
2051.0
2072.25
2084.8333333333335
2091.9
2092.625
2093.3636363636365
2118.5714285714284
2118.684210526316
2118.8
2123.6
2124.0
2144.0
2149.2272727272725
2181.25
2187.7272727272725
2200.7391304347825
2205.176470588235
2207.5714285714284
2210.909090909091
2221.5
2221.625
2226.3888888888887
2247.0
2251.8
2270.5263157894738
2327.8823529411766
2336.0
2338.133333333333
2344.722222222222
2344.785714285714
2349.285714285714
2367.608695652174
2370.0
2371.5
2372.705882352941
2372.875
2379.45
2383.5
2391.3125
2393.7391304347825
2401.5263157894738
2425.75
2449.0666666666666
2449.391304347826
2449.7727272727275
2466.8333333333335
2467.1428571428573
2471.0
2479.5789473684213
2497.4
2508.1176470588234
2525.6
2526.1
2540.304347826087
2542.714285714286
2551.5714285714284
2568.0
2569.9523809523807
2577.25
2577.6923076923076
2583.1428571428573
2595.8
2597.5789473684213
2610.4444444444443
2614.625
2622.8333333333335
2623.9473684210525
2632.2
2633.2272727272725
2644.75
2657.5
2663.2380952380954
2663.5882352941176
2665.785714285714
2671.0
2683.8125
2703.4761904761904
2737.9565217391305
2747.0
2754.4285714285716
2758.1428571428573
2789.777777777778
2793.0454545454545
2813.8571428571427
2816.5
2832.9565217391305
2836.0
2836.0
2839.3636363636365
2849.6153846153848
2877.1428571428573
2884.3333333333335
2903.086956521739
2903.2380952380954
2943.809523809524
2944.1363636363635
2946.608695652174
2948.904761904762
2964.6666666666665
2967.3636363636365
2968.0
2968.0
2988.6
2997.0
3006.285714285714
3011.5
3016.75
3020.818181818182
3033.0714285714284
3042.75
3050.25
3059.2105263157896
3064.2608695652175
3069.05
3100.4761904761904
3111.0714285714284
3126.4666666666667
3127.8
3142.5789473684213
3143.875
3149.3636363636365
3159.913043478261
3163.9473684210525
3166.0
3168.1428571428573
3171.285714285714
3181.6666666666665
3190.5714285714284
3200.9
3211.285714285714
3228.3846153846152
3239.684210526316
3244.1666666666665
3253.9285714285716
3277.2608695652175
3285.222222222222
3289.0833333333335
3296.769230769231
3307.7727272727275
3312.3333333333335
3316.681818181818
3319.0
3337.9166666666665
3342.714285714286
3355.1052631578946
3363.4
3368.9444444444443
3387.4166666666665
3403.6666666666665
3413.777777777778
3416.5238095238096
3434.75
3437.3333333333335
3462.777777777778
3470.35
3472.3478260869565
3478.5
3481.214285714286
3492.3636363636365
3511.777777777778
3521.0
3533.782608695652
3549.625
3559.4285714285716
3563.2
3568.3636363636365
3570.722222222222
3590.125
3594.769230769231
3607.8333333333335
3618.1666666666665
3626.4
3635.0555555555557
3638.7727272727275
3639.0
3646.25
3648.1363636363635
3657.6111111111113
3661.8
3669.9473684210525
3670.0
3677.4
3679.8695652173915
3689.9444444444443
3691.9
3692.181818181818
3702.5714285714284
3713.6666666666665
3731.4736842105262
3732.2727272727275
3733.625
3745.904761904762
3746.0
3750.923076923077
3752.5238095238096
3756.230769230769
3768.6666666666665
3783.5384615384614
3795.875
3801.769230769231
3803.777777777778
3825.9565217391305
3827.2
3830.1111111111113
3830.6363636363635
3841.05
3847.75
3858.0
3880.217391304348
3880.375
3882.1111111111113
3893.125
3894.0625
3901.8
3910.05
3919.6666666666665
3920.3636363636365
3926.9
3932.35
3941.315789473684
3947.6190476190477
3953.1739130434785
3971.2
3978.8888888888887
3979.4666666666667
3991.5333333333333
3996.1
3996.409090909091
4001.6190476190477
4003.3333333333335
4003.409090909091
4013.0
4023.705882352941
4036.0
4041.181818181818
4083.6666666666665
4084.782608695652
4085.1052631578946
4095.0
4099.0
4124.217391304348
4124.7
4125.526315789473
4146.0
4155.625
4156.736842105263
4170.1
4180.15
4181.666666666667
4185.681818181818
4189.454545454545
4189.461538461538
4191.0
4200.555555555556
4202.8
4204.615384615385
4245.217391304348
4259.1578947368425
4270.409090909091
4270.578947368421
4277.85
4280.388888888889
4281.173913043478
4283.538461538462
4290.521739130435
4306.666666666667
4309.04347826087
4314.190476190476
4314.578947368421
4319.578947368421
4328.714285714285
4339.1
4339.217391304348
4376.6
4385.176470588235
4400.533333333334
4403.210526315789
4407.833333333333
4412.588235294118
4416.388888888889
4417.315789473684
4417.733333333334
4419.272727272727
4428.25
4428.266666666666
4445.55
4447.0625
4488.222222222223
4488.5
4489.357142857143
4493.894736842105
4497.642857142857
4507.5
4512.636363636364
4515.8
4519.523809523809
4538.545454545455
4544.882352941177
4550.0
4564.555555555556
4596.684210526316
4608.0
4609.1875
4610.941176470588
4620.0
4645.823529411765
4656.0
4663.6
4665.619047619048
4683.0
4699.65
4707.111111111111
4724.25
4729.333333333333
4731.333333333333
4744.4
4776.2
4782.5
4783.0
4795.818181818182
4806.5
4836.9375
4840.0
4851.266666666666
4876.588235294118
4884.5
4896.5
4902.473684210527
4908.923076923077
4922.615384615385
4925.0
4960.1
4979.411764705882
4981.4
4996.55
5009.6
5013.5
5016.526315789473
5019.642857142857
5022.571428571428
5024.176470588235
5026.0
5033.0
5044.923076923077
5046.421052631579
5049.714285714285
5050.416666666667
5058.411764705882
5088.0
5103.2
5106.111111111111
5115.5
5125.277777777777
5126.944444444444
5154.388888888889
5179.8
5202.666666666667
5212.272727272727
5218.1578947368425
5221.166666666667
5274.2
5314.571428571428
5315.384615384615
5316.4
5332.461538461538
5341.25
5343.416666666667
5358.75
5374.909090909091
5384.923076923077
5386.928571428572
5399.466666666666
5410.882352941177
5414.4
5415.388888888889
5425.944444444444
5448.333333333333
5453.944444444444
5481.0
5481.9375
5487.272727272727
5532.333333333333
5543.705882352941
5556.6
5621.5
5626.923076923077
5631.384615384615
5631.588235294118
5665.0
5681.133333333333
5715.8125
5722.461538461538
5735.666666666667
5742.666666666667
5744.0
5745.5
5758.0
5771.066666666667
5778.375
5781.4375
5792.0
5800.8
5811.25
5908.222222222223
5909.0
5952.083333333333
5992.8
5998.153846153846
6041.6
6045.0
6057.866666666667
6059.833333333333
6064.166666666667
6074.5
6114.0
6124.0
6126.7
6128.133333333333
6132.857142857143
6134.1
6135.125
6137.933333333333
6187.0
6218.083333333333
6220.285714285715
6226.857142857143
6299.916666666667
6319.888888888889
6322.5
6325.666666666667
6338.111111111111
6356.466666666666
6360.733333333334
6361.727272727273
6415.166666666667
6415.75
6427.6
6436.3
6453.3
6464.666666666667
6482.909090909091
6484.083333333333
6486.636363636364
6518.0
6531.2
6532.083333333333
6536.272727272727
6544.571428571428
6570.636363636364
6583.5
6639.857142857143
6642.333333333333
6687.5
6789.2
6836.5
6856.428571428572
6870.153846153846
6875.142857142857
6881.0
6912.642857142857
6947.428571428572
6950.142857142857
6957.2
6960.642857142857
6970.583333333333
7005.25
7017.333333333333
7037.0
7042.307692307692
7076.333333333333
7088.357142857143
7094.625
7096.571428571428
7131.461538461538
7201.727272727273
7214.666666666667
7215.363636363636
7256.0
7278.5
7300.0
7307.090909090909
7308.416666666667
7373.846153846154
7380.111111111111
7409.142857142857
7427.153846153846
7437.923076923077
7445.0
7457.6
7459.571428571428
7478.4
7509.0
7516.615384615385
7546.153846153846
7558.833333333333
7582.846153846154
7611.7692307692305
7614.384615384615
7619.333333333333
7635.714285714285
7638.888888888889
7658.875
7698.7
7713.083333333333
7717.0
7742.142857142857
7747.166666666667
7755.090909090909
7756.3
7779.0
7809.090909090909
7827.111111111111
7828.416666666667
7886.0
7906.181818181818
7942.0
8048.333333333333
8048.666666666667
8142.444444444444
8256.7
8261.0
8265.666666666666
8304.166666666666
8372.9
8398.75
8418.5
8428.8
8498.181818181818
8501.222222222223
8535.2
8564.0
8621.111111111111
8621.181818181818
8623.2
8626.888888888889
8641.6
8699.272727272728
8741.5
8864.727272727272
8878.57142857143
8904.0
8942.6
8986.5
8996.2
9033.166666666666
9067.272727272728
9100.666666666666
9113.42857142857
9158.0
9181.0
9241.25
9243.666666666666
9303.0
9371.0
9378.714285714286
9402.222222222223
9428.75
9490.714285714286
9491.25
9507.0
9535.333333333334
9572.57142857143
9697.6
9715.5
9720.5
9735.0
9864.7
9939.75
9946.888888888889
10015.0
10078.57142857143
10168.0
10180.625
10379.333333333334
10520.833333333334
10569.75
10572.444444444445
10573.2
10583.25
10623.0
10638.0
10641.375
10763.5
10866.0
10906.333333333334
10946.0
10957.555555555555
11079.714285714286
11227.4
11252.6
11264.57142857143
11390.714285714286
11447.666666666666
11528.333333333334
11534.5
11571.25
11576.714285714286
11594.0
11622.833333333334
11627.8
11680.0
11741.875
11766.285714285714
11768.0
11878.142857142857
12025.0
12107.0
12322.5
12328.5
12418.142857142857
12488.0
12604.57142857143
12681.714285714286
13012.0
13046.0
13094.57142857143
13383.0
13388.666666666666
13442.166666666666
13512.4
13785.285714285714
13810.0
13863.0
13984.714285714286
14034.333333333334
14050.42857142857
14135.75
14215.857142857143
14278.666666666666
14383.666666666666
14493.8
14628.25
14686.0
14746.0
14830.0
14932.0
15195.333333333334
15477.8
15544.0
15573.5
15609.666666666666
15680.166666666666
15684.5
15714.333333333334
15970.2
16002.75
16142.833333333334
16184.0
16346.833333333334
16495.5
16537.833333333332
16597.333333333332
16642.666666666668
16658.0
16751.0
16764.4
16900.2
17169.0
17472.0
17596.4
17717.75
17854.0
18042.2
18344.5
18491.5
18573.25
19166.0
19181.0
19193.8
19280.6
19312.333333333332
19481.8
19604.0
19754.0
19823.8
20457.333333333332
20758.0
21219.0
21448.666666666668
21879.75
22273.0
22458.0
22836.25
22976.75
23053.75
23226.25
23265.75
23873.0
23965.666666666668
23975.0
24001.0
24151.666666666668
24536.666666666668
25978.333333333332
26119.0
26235.5
26772.666666666668
26864.0
28125.0
28386.0
28441.0
29242.0
30095.0
30974.666666666668
31094.0
31334.666666666668
31380.666666666668
31402.333333333332
32350.333333333332
33577.0
33670.0
34316.0
34323.5
35191.5
36273.0
36423.5
37814.5
39440.0
39606.0
39866.5
39899.0
40523.0
41187.0
41752.5
42454.0
42997.0
43095.0
43580.5
44634.5
45484.5
46087.0
46150.5
46410.0
46586.0
46953.0
49723.5
49959.0
51361.0
52615.0
54002.0
59476.0
61671.0
63283.0
63995.0
66464.0
69220.0
70623.0
70847.0
72168.0
75228.0
76235.0
82730.0
86259.0
88207.0
90394.0
92166.0
93094.0
93818.0